# Created by Octave 7.1.0, Wed Jul 20 12:01:29 2022 CEST <jira@jira-vb>
# name: C3H5PD
# type: matrix
# rows: 1
# columns: 17
 0.48355510000000002 0.018035801000000001 1.0586072e-05 -2.4482829e-08 1.0900286e-11 8983.3251999999993 7.1622585000000001 0.48355510000000002 0.018035801000000001 1.0586072e-05 -2.4482829e-08 1.0900286e-11 8983.3251999999993 7.1622585000000001 300 900 900


# name: C3H6
# type: matrix
# rows: 1
# columns: 17
 6.7323000000000004 0.014907999999999999 -4.9498999999999998e-06 7.2119999999999995e-10 -3.7662e-14 -923.57000000000005 -13.313000000000001 1.4933000000000001 0.020924999999999999 4.4868e-06 -1.6689000000000001e-08 7.1581000000000004e-12 1074.8 16.145 300 5000 1000


# name: OHPD
# type: matrix
# rows: 1
# columns: 17
 1.8249972999999999 0.0032501564999999999 -3.1197540999999999e-07 -3.4603206000000002e-10 7.9171472000000005e-14 -26685.491999999998 -12.280891 -2.0340881 0.0093662682999999993 6.6275213999999996e-07 -5.2074887000000002e-09 1.7088735e-12 -25319.949000000001 8.9863186000000006 300 3000 1000


# name: OPD
# type: matrix
# rows: 1
# columns: 17
 1.9454180000000001 0.00091761646999999997 -1.1226719e-07 -9.9099624000000002e-11 2.4307699e-14 -14005.187 -11.531663 -0.94986904000000005 0.0074042305000000001 -1.0451424e-06 -6.1120419999999997e-09 3.3787992e-12 -13209.912 3.6137904999999999 300 3000 1000


# name: PD
# type: matrix
# rows: 1
# columns: 17
 2.8579304300000001 0.0010216943800000001 -5.9038924400000004e-07 2.6391172899999998e-10 -5.6592556000000004e-15 -895.79314999999997 -11.572816400000001 2.6034362199999999 0.0023767069299999999 -3.28073455e-06 2.61765836e-09 -7.6957891800000004e-13 -857.67617199999995 -10.418274800000001 298 2042 1000


# name: Pi
# type: scalar
3.1400000000000001


# name: R
# type: scalar
8.3140000000000001


# name: SDEN
# type: scalar
6.9581000000000003e-06


# name: Stick
# type: scalar
0.050000000000000003


# name: T
# type: matrix
# rows: 1
# columns: 2
 300 900


# name: Wk
# type: scalar
42.079999999999998


# name: kf
# type: matrix
# rows: 1
# columns: 2
 28838718108764148 49950124989536160


# name: lnkf
# type: matrix
# rows: 1
# columns: 2
 37.900495257961076 38.449801402295137


# name: rT
# type: matrix
# rows: 1
# columns: 2
 0.0033333333333333335 0.0011111111111111111


